 -0.43262313315540768     
 -0.49336899617926966     
 -0.19919574616229496     
 -0.36668387590831619     
 -0.31290402545960772     
 -0.43973957931610408     
  0.49258446528986100     
 -0.33746261538121192     
 -0.23844636835570776     
 -0.45046491456383431     
  0.16797121643028146     
 -0.43885442618213377     
 -0.37926751771318779     
 -0.30943541348046610     
  0.11615248981107618     
  -6.4392436948299325E-002
 -0.24411953141701404     
 -0.34222413321260181     
  0.25075496091388172     
 -0.28365886984508015     
 -0.13098150064793723     
 -0.34251466122964080     
  0.33462243806239478     
  0.13041864227439215     
 -0.11115633697918414     
 -0.30853103681037475     
  0.24793528482372607     
  0.29184257344727371     
   3.9347879648773287E-002
  0.35305016285514013     
  0.25572162610064930     
  -3.0336980838098548E-002
 -0.24599350543156318     
 -0.22653187108084372     
  0.18401526603046359     
  0.28717788238197395     
 -0.18834801875091822     
   3.5966309824549958E-002
  0.27591574961169074     
 -0.47399334454703146     
 -0.18832199394277560     
  0.44024584098716180     
 -0.41888486226828681     
  0.40239516289601562     
  -2.0752873492818846E-002
 -0.19139590657730665     
 -0.25840003933747435     
 -0.18746964915523545     
  0.34911585025666725     
 -0.23938951661427754     
 -0.42347896472086899     
  0.49538309628436206     
 -0.41490511788379225     
 -0.15757637608090591     
 -0.18748424883785897     
 -0.18569359739347324     
   7.7954838642726454E-003
  0.22552244426902313     
 -0.12920127960916261     
 -0.10927561077460057     
 -0.14945851825927914     
   2.0935677457779578E-002
 -0.30127987904084508     
  0.32262713405745591     
 -0.40061703331417575     
  0.24444467628568878     
  0.46696165811945245     
 -0.38809147073010986     
 -0.38645473962008203     
  0.33137032339361272     
 -0.35990441776133009     
  0.47084528673391501     
  -3.5775674019785986E-002
 -0.21282005496776435     
 -0.33494882180642049     
  -9.8960698969381422E-003
   5.5026875730571523E-002
 -0.13705755121718166     
  -8.4756570227425110E-002
 -0.14004052430509328     
 -0.12522337604275624     
 -0.10144093823655609     
   8.2139549618760244E-002
 -0.19332550016809336     
 -0.39287656383293634     
  0.26355143200587894     
   1.2369998074830968E-002
 -0.17012158472767258     
  -3.4905197850652270E-002
  -9.7018806734523455E-003
 -0.17907011052632615     
 -0.43647876959239207     
 -0.28464605366860585     
  0.48082910637433374     
  -7.2325532104760004E-003
  0.18752407100287316     
  0.29368153809972553     
 -0.41723385226360876     
  0.35332948269963993     
  -9.5047271330502059E-002
  -4.0963209333204520E-002
 -0.41013220444030440     
  0.36197008553850163     
 -0.49667222959867030     
 -0.15456300558322900     
  0.35904352542351914     
 -0.22599349006993941     
 -0.20977483920223650     
  0.16137656576325954     
 -0.49648080968875352     
  0.15056677445064759     
 -0.24447099069105971     
 -0.22474490369213063     
  0.16165705586625712     
 -0.31993731892066390     
  0.23169375451237098     
   5.3816108229312508E-002
  -8.7744597501376045E-002
 -0.26596431043372110     
 -0.45774425127922302     
   1.3812239022742645E-002
  0.15036522916913908     
  0.36708028991045361     
   9.1532088216346091E-002
 -0.46061523401281523     
  -1.7530581870752918E-002
 -0.41656569502455221     
  0.18872700619652039     
  0.29710731543837354     
  0.48656241150906898     
  0.22426577620901175     
 -0.36803387268674426     
 -0.33217490745922784     
  0.27418918441707613     
 -0.14335753870126208     
 -0.27194556202796777     
 -0.40597830024276216     
  0.33454756112853329     
 -0.49631844590595903     
  0.34095930774689287     
 -0.42799029625967028     
  0.23830983422941165     
   1.4082261567025633E-002
  -7.3659826997496403E-004
   9.5985916958798101E-002
 -0.39392182935316800     
  0.22618192559625527     
  0.25500158351793967     
  -7.7445555861763826E-002
  0.36936907725797197     
  0.43298944277136098     
 -0.42490866664194904     
 -0.37747253482984067     
 -0.16256639812836327     
 -0.26859875551455570     
  0.38364909339487729     
 -0.48290418232526167     
 -0.29774022555110191     
 -0.35660870515158738     
 -0.21883833967668931     
  0.29678747478891188     
   2.5255595111759788E-002
 -0.36813583959050789     
 -0.46742672907095695     
  0.30399637445823646     
   3.0930593831381081E-002
  0.12618991400359081     
 -0.29034062259418225     
 -0.42438185442842358     
  0.31163816651417398     
 -0.23582853497473344     
 -0.40787700070869781     
   6.7830424233537023E-003
  0.42693330292533294     
 -0.33285724334193056     
 -0.36711361514255403     
 -0.40542752978093299     
  0.31204862063733940     
 -0.38654900002895265     
 -0.45923869772363590     
  -3.3805154656595393E-002
 -0.42816507637805878     
 -0.46172867501093273     
 -0.23751477092957685     
 -0.22452411940028194     
 -0.43518887557396435     
 -0.33895340585824885     
  0.27761924930258275     
 -0.13760183196908538     
 -0.38065297570865420     
 -0.14870140839208656     
   9.2600259746487223E-002
  -5.2592631929642031E-002
  -6.5238210853117540E-002
  0.22220092595611374     
   3.9341975249382877E-002
  -5.0772406932858560E-002
  0.28868331979088346     
 -0.46775265858610093     
  0.42227922237093762     
 -0.12112240744916217     
  0.12034679916181749     
 -0.25517572978186198     
 -0.48234172528512487     
  0.50414014641381344     
 -0.37610264272549476     
  0.34287672514839529     
  0.29141934552728332     
 -0.47045535408770273     
 -0.14671529636174466     
  0.49283776923390510     
  0.45702938949306737     
 -0.32066146533567008     
   8.6946570993766070E-002
   3.0987359591045430E-002
 -0.34402986643972033     
 -0.39041083359264922     
  -2.6282787677290422E-003
 -0.53018772626265542     
  0.50975826092810472     
 -0.30959945501008579     
   9.3111644953809095E-002
 -0.36516387548282181     
  -5.2460085088516586E-002
  0.24985564984967956     
  -5.4058963215073363E-002
   4.8688458860714975E-002
   5.7577064068744480E-002
 -0.27553973381773145     
  0.49932167516931164     
  0.29127529978947342     
  -3.7508741878658890E-003
   5.2204641352013983E-002
 -0.25053206789496313     
  0.47915904977838225     
 -0.45334621697983535     
   8.1839574632233403E-002
 -0.14696167885593311     
  0.15650758613571397     
  0.42717134272250729     
  0.47086332189009905     
 -0.28065754505313545     
  -6.5254293349624959E-002
  -4.2058030845768757E-002
 -0.19446885452447860     
  0.25647050636689994     
  0.49548191991139423     
 -0.28507467046913071     
 -0.11549183743431934     
 -0.45515156541682311     
 -0.19835587965532486     
   8.3531836525410852E-002
  0.49637833206246129     
 -0.10580282320796808     
 -0.14899241427817655     
  0.38089169994734129     
  0.43650140841764329     
 -0.48485992780831055     
 -0.20268471020253054     
   1.8824049980094015E-003
  0.15983274759010413     
  0.41211392043523121     
  0.10996490770727707     
  0.34252917295058682     
 -0.16198073447657657     
 -0.40132330407285233     
  -9.1162945186769817E-002
 -0.44666588329487389     
  0.20050444262332279     
  0.13381252302908231     
 -0.48516503544703421     
  0.30982642701601176     
 -0.20251981102749744     
  0.18091467894698179     
  0.11083301736807513     
 -0.23266885994722744     
   3.2365533784168718E-002
  0.16033628942750330     
  0.26063443849323731     
  0.23092836415378004     
 -0.37165706437038037     
 -0.22302229122657011     
 -0.13425644164874756     
  0.23597009735884894     
 -0.16488176849134034     
  0.40971191350212166     
 -0.35147849665062653     
  0.37891158508261175     
   5.6641286544550182E-002
 -0.28528704092208740     
  0.45395617552788231     
 -0.39510091526850022     
  0.17620088102893888     
  0.10660347268680154     
 -0.12545036422719497     
  -8.5493998950185987E-002
 -0.16039389971087659     
 -0.16285523586762068     
 -0.28155514398477688     
  0.21739261940516494     
 -0.14681348194386537     
 -0.32631346860810984     
 -0.20589704456155417     
  0.22957100747441267     
  0.13385529710178387     
  0.24627903575756246     
 -0.21186289655972720     
  0.30794069521391382     
 -0.40388209719258655     
  0.40898085909045945     
  0.21275669300471423     
 -0.15402858161827457     
  -3.6841576962901121E-002
  0.23580012656576638     
  0.29728697165643442     
  -6.3277850169054350E-002
 -0.23945551230033163     
  0.34452562584057095     
  0.50111362198297160     
  0.49691821174535500     
 -0.28703038196677261     
 -0.23984946922409484     
  0.25730329363345056     
  0.33978962542702634     
   4.7289498297749866E-002
   8.3193729095547231E-002
  -7.9672738848934888E-004
  0.35390528775566166     
  0.11519188883804066     
 -0.29783080461273304     
 -0.16489247683685992     
 -0.15676569170121735     
 -0.36012699182314634     
 -0.15391257667111946     
 -0.41242339060943700     
 -0.42674437724107039     
 -0.41487777066979670     
  0.18629087357196339     
  0.39467000080045456     
  0.22694788701780844     
 -0.20343365894670007     
 -0.24939550025972623     
  0.33507651961747020     
  0.27848114221481057     
   5.1749250545859438E-003
 -0.23126971603028401     
 -0.17437359499585559     
 -0.39864392184382724     
  -8.4454287832571362E-002
 -0.10420245467953174     
  0.47735464192370197     
 -0.10977033711554139     
  0.20033405310541297     
  0.31260620020708862     
 -0.36433323034379750     
   7.5359157375295707E-002
  0.24751679814609656     
   2.0504623484654618E-002
 -0.11089728111539696     
   2.2754843359552124E-002
   2.7560973770464209E-002
  0.35576828415121436     
  0.23632842022851502     
 -0.41949404426622000     
 -0.47413136619204499     
 -0.29654240621594291     
  -9.4900125092812149E-002
   4.7275386759342989E-003
 -0.21166931322417171     
 -0.25900105693334646     
  0.43051349047346288     
  0.30086623119769001     
  0.13596962295533246     
  -8.2574901624136415E-002
 -0.23736548074821925     
 -0.18353592549998643     
 -0.24573974851848807     
  -5.2736795727140663E-002
 -0.23661814001060044     
  0.35890990577714904     
  0.11569748790889459     
  -8.6130179064847545E-002
  0.47011735114014441     
  0.34012100686510199     
  -7.1500121782733142E-002
  0.19860069649472648     
   4.2973147201570805E-002
  -2.4050742807328922E-002
  0.44104747783780401     
  0.12799769309090717     
 -0.45923996279693374     
  0.15065479166363652     
  0.15684967723306989     
  -5.4204572940778413E-002
   1.0891999932639836E-002
   3.3750687309181897E-002
 -0.27970261547836445     
 -0.46845063570832585     
   5.7494655597769527E-002
  0.17359882788959086     
 -0.33489404620039831     
  -2.6617930265931517E-003
   7.3625466390919464E-002
  0.19747774297806286     
 -0.35646992459698523     
  0.46586302643232058     
 -0.42657431103822130     
  0.14256831351222710     
 -0.38087786031723148     
 -0.34848711558014756     
 -0.12104676076444386     
  0.10027758696032107     
  0.11475537945558634     
  0.34657195934542739     
  0.49163165135095488     
 -0.18026728014882720     
 -0.32784605186065396     
  0.15159035161138434     
 -0.21876705043099831     
  0.48426314545958760     
 -0.41253065522113519     
  0.14104523425940563     
 -0.30789702493212934     
  0.46872161790461919     
  0.37947471106863295     
   7.2433372314348876E-003
  0.49712437202931337     
  -3.7009184647297189E-002
 -0.25488059214328573     
  0.33274031973665619     
  0.22689131815415350     
  0.49181933091159374     
 -0.22971041120843744     
 -0.46179069220045382     
   6.4997676643478285E-003
 -0.31028105560804331     
 -0.48324868162683310     
 -0.36988081326588323     
  0.19182152322323198     
 -0.47223444992492042     
  0.18125793815484698     
  0.40177723668183629     
  -1.0780197949310748E-002
 -0.16831894524652224     
   3.0254283314026197E-002
 -0.36936904078014493     
  0.19009052268655305     
  0.31234486563294733     
 -0.21970084797984762     
 -0.25622283706755594     
  0.41463876344268680     
  0.30052651292465782     
 -0.16602494328749065     
  0.18666181777980606     
 -0.21570169058459648     
  0.14711736882636822     
 -0.37062701509556534     
 -0.28797102927722618     
 -0.13966960762451935     
  0.50003006310292053     
 -0.19134979355189977     
  -7.2443040122585562E-003
  0.64008550556394850     
  0.30304717843445445     
 -0.30904774449385197     
  -8.5878844582828059E-002
  0.27170644825684648     
   1.4968772518860510E-002
  0.24270745105067021     
 -0.15845624067617178     
 -0.34379885951967343     
   2.8738304603523470E-002
 -0.36330970764932774     
 -0.23478530927376243     
   1.1608324338329092E-002
  0.35104113634856599     
  0.14109345915783905     
   9.9170716655502547E-002
  -1.1780724597644805E-002
 -0.22509698982270834     
 -0.26156620731096303     
 -0.13569306748525670     
  -6.0901100498824239E-002
 -0.32474089310247273     
 -0.45471040976631255     
  -8.4025346240108267E-002
  0.23183935130526587     
 -0.16629003097552481     
  0.31108084857614765     
  0.28290174470238888     
  0.42975370348134817     
 -0.18545580131332615     
   6.8550852132057138E-002
  -8.6968758019801889E-002
 -0.36570207956535078     
  0.14065977676251906     
   1.7946323117727321E-002
   6.6653735520627422E-002
 -0.17320347560754812     
 -0.12013472393326197     
   1.1254861153946130E-002
  -7.0245428410728561E-002
   5.8820696956185969E-002
  0.47985598138479701     
  0.33261569152048098     
 -0.39737954508907902     
  0.17566753128109214     
 -0.12634348364256442     
 -0.15507996308655880     
  0.27468900048970479     
 -0.22757311358908205     
  0.18142050717354374     
  0.40409604945815070     
  0.46302666747836280     
  0.40170246211263178     
 -0.38833041797126355     
 -0.27323678219501402     
  0.33121516873975376     
 -0.35752764965817291     
  0.41389932491971199     
  0.21787803310411274     
 -0.32852297189886492     
  -1.3256298001189987E-002
  0.14635406811113733     
  0.28582864379819323     
  0.19386256353499939     
  -4.3647752512974772E-003
 -0.25705549836990327     
 -0.45792528338492616     
 -0.42846066255020360     
   3.1922890744030784E-002
   2.4682606236351084E-002
 -0.40031791925179505     
  0.21776741773601616     
  0.32483688552385936     
 -0.43503335456444536     
 -0.40039749883123521     
  0.39827546128505054     
 -0.10182880762771347     
  0.19824573848834653     
  -7.7405222162989479E-002
  -6.4854983967636268E-002
 -0.30433874130316124     
 -0.10588838085979665     
 -0.37495357066068935     
  0.27630456004470766     
  0.24763537532640395     
  0.44840402357455578     
  -2.8458604484852157E-002
  -4.3736631239258521E-002
  0.30344644875487686     
  0.20271193257525025     
 -0.19463463343451612     
  0.19032719544472446     
   7.4079154911697989E-002
  0.54769452516439454     
 -0.21549848064915961     
 -0.24951236716588390     
  0.42498320523009814     
  0.20818447828866313     
   8.0047228280367547E-002
 -0.21928461316388467     
 -0.10216874706395787     
  0.39487098223362849     
 -0.33932798233705153     
  0.48470730871243284     
 -0.20804789663797457     
  0.15097973711033250     
  0.26929987561319552     
  -7.8918651255545036E-002
  0.10870152985682903     
 -0.49910802027366324     
 -0.25922261336319380     
 -0.15982673272269232     
 -0.43847718497295030     
  0.45861450776419677     
  0.21135185713829291     
 -0.41220990020972720     
  0.33512454587719470     
   4.2597032410609352E-002
 -0.25705317723687088     
   8.1758785893552878E-003
 -0.19987523289323159     
  -5.6217650554535585E-002
 -0.48733373352794740     
  0.32551776955819595     
   7.3525007047598401E-002
   3.9136500942332071E-002
  0.18619628740042848     
  0.17822428023516890     
 -0.27106265933776785     
  0.25756732606984156     
  0.34188957056873648     
 -0.15223132437188391     
 -0.30077016066988987     
 -0.13520024579988552     
 -0.30996960471448193     
 -0.20446579194394043     
  0.37951366464308578     
   8.3355418750619102E-003
 -0.45476168178539539     
   8.1239027265408964E-002
   3.2071355983159099E-002
  0.51760803107645714     
  0.38276520669923003     
 -0.16977124612656488     
  0.37543321747347475     
 -0.24803398908992566     
  -7.2267033460151550E-002
 -0.21169034111677504     
  -9.5258362010633091E-002
 -0.14692327417314985     
 -0.46475704139287632     
  0.27580138153948502     
 -0.10488618612099913     
 -0.16212401279411248     
   8.5303909311979259E-002
  0.18221773885024914     
 -0.37702370523331041     
 -0.38154367007920087     
  0.17104790160997463     
  0.55609261604675864     
  -2.3930465688904636E-002
  0.23249216688007873     
 -0.20770986931585098     
 -0.20392881914479263     
  -1.2382910504160983E-002
  -2.8288747366386122E-002
  0.48898698536842733     
  0.25291841833556111     
   3.6644866525278284E-002
  0.24347682338764237     
 -0.10844840739667723     
 -0.62521738284386419     
  0.44895225748858214     
 -0.11427814720521717     
  0.15044955730182469     
  -1.7921989613126188E-002
  0.62662563983150144     
 -0.62053526536825232     
  0.14244642650734970     
  0.10033086689489816     
   6.1071567001697843E-002
  0.21778683832014495     
  0.51207850228759155     
 -0.56980954804640138     
  0.16352288918732077     
  0.16322601980738088     
  0.40060721806737859     
  -1.4942306657573578E-002
  0.10236763922421167     
  0.19572026798082576     
  0.45096761444534533     
  0.37867981567003883     
 -0.27377056256344917     
  0.41526035755818280     
 -0.23578362132482378     
 -0.63313739939610536     
 -0.50965068011190773     
  0.28744555335933547     
  0.22605880171900353     
  0.20537557561196940     
  0.23229150447832425     
 -0.15098487869905450     
   3.1038835969738197E-002
  0.16217036452981612     
  0.24133316839264332     
 -0.43952486890213865     
 -0.28438465966417692     
  0.32173819569274037     
 -0.11905643174047635     
 -0.37492442399350656     
  0.25136088155671366     
 -0.40008899548355015     
 -0.45525515510367542     
 -0.16084913562537551     
  0.34997608264950542     
  0.38489607359191258     
 -0.32595210338818115     
  0.23742700673637426     
 -0.23927768654595324     
  0.37448511783780897     
 -0.41485716294474106     
 -0.18965459925107728     
  -8.8248751433493963E-002
 -0.13500860418750643     
 -0.28820941342935458     
  -8.7555053157551715E-002
   4.9183410746224933E-002
  0.19420937687618897     
   4.8274871310040095E-002
 -0.35255358994883251     
 -0.26685763271220941     
  0.36194353602136131     
  0.33739146115988977     
 -0.11618740789189641     
 -0.27108035766070410     
  0.33007233926810681     
  -9.8067319929484309E-002
 -0.24355174274695274     
  0.42044014245791855     
 -0.29012941529021352     
  0.45505511362029960     
  0.47868573384628821     
  -7.6596764884975438E-002
  -3.5977631471762812E-002
  0.16368587238878596     
  0.41166468695470110     
 -0.57353340888247362     
  0.50462796450475844     
  0.34433537748278709     
  0.18827643862721821     
   6.3096568046522555E-002
   5.5107386111874039E-002
  0.24671343914369781     
 -0.34225847496337203     
  0.15741568495832298     
 -0.50699430981999671     
 -0.18659778096890545     
  0.38639095783901256     
 -0.48768537604904055     
   9.1871794787761724E-002
  0.16135115618402812     
  0.16557144476062480     
  0.15985128428422457     
  0.35176913841835938     
  -5.2811454808484020E-003
  0.12105647650287368     
 -0.10597102037525800     
  0.14228730406564061     
  -9.1689850468930703E-002
  -4.7638960620577570E-002
   7.4928656693538598E-002
 -0.49169381915831378     
  0.32366599273386182     
  0.19081325201540214     
   7.4584468232168258E-002
  0.27690420327664855     
 -0.29273091718905797     
   5.9254203853836729E-002
  0.43195526952792246     
 -0.10456291284157637     
  0.16025975633366962     
  0.30205930432383699     
  0.15236552898055769     
 -0.37687107891223992     
   2.0900351111755682E-002
  0.23335736248784003     
 -0.45488154554856758     
 -0.17611320541037381     
  0.32429493172927376     
  0.14424225458019718     
  0.33438097831496000     
  0.21232767190758506     
   6.6991061162070875E-002
  0.14618021494042899     
  0.17026171717108451     
 -0.10683318042817125     
  0.23652117362091230     
 -0.49830398064098241     
   2.6465894132990640E-002
  -8.1555468930438399E-002
  0.43547710185209598     
   8.6211334782517898E-002
 -0.14327734552302024     
  0.45764055197394543     
  0.21814182703871979     
 -0.32565834153450196     
  0.30212817747046683     
 -0.29252607147452858     
  0.31434279702616530     
   8.6238972197105010E-002
 -0.24087607687046844     
 -0.19626744944247329     
  -8.0987108276876288E-002
 -0.19317872374258827     
 -0.42279703160679882     
  -1.7601106993177039E-002
  -7.0565839443470127E-002
 -0.40633409271911514     
 -0.23128471680679799     
 -0.33289293214545268     
 -0.42148082122282166     
   7.2819091693351254E-002
   8.8174191755318806E-002
  0.44163561622181935     
  -2.4518017840064243E-002
   5.4599685970389764E-002
  0.28436319059780119     
 -0.10751101018589498     
  0.18305123301514714     
 -0.35708207094299288     
 -0.33155813139992690     
 -0.44980945427428032     
   6.5572001784794984E-002
 -0.31927827814371768     
  0.36999346508655834     
 -0.26033727856488548     
 -0.58381985147012994     
  -2.2177219250163353E-002
  0.19926898852487990     
   2.5531498811444734E-002
 -0.20662366762331871     
  -2.7032381365001842E-002
 -0.52619449863646051     
 -0.19209605633548582     
  0.19926162374934092     
  0.27262130677291901     
  0.23845103572491341     
  0.40456421275382998     
 -0.11620553468223216     
  0.14073280013613224     
  0.42805559980335328     
 -0.27672392343083946     
  0.12321932199838606     
  0.31372003426258627     
  0.23408004145796971     
 -0.14863479706184204     
 -0.33903764949009235     
  0.26430285378649243     
  0.14225817538938892     
  0.44582168915296427     
  0.38362133871025983     
  -2.8557401434374380E-002
   9.1839505262519439E-002
 -0.14422087621429294     
   2.7166469675231553E-002
 -0.25037462354497619     
 -0.31036110083527479     
  0.12121555877007766     
 -0.21230777801429501     
 -0.46017483542890097     
 -0.51181509221487209     
  -7.6922562498036112E-002
 -0.40669109030548056     
 -0.38885856569995458     
 -0.14112583360169084     
 -0.34676484492272275     
 -0.16803595093617374     
  0.39416018754964843     
  -6.1405771098907325E-002
  -4.2139886215706301E-002
 -0.42390873330668366     
 -0.38250807653689817     
  0.36768755413613086     
  0.10809633821788484     
 -0.36543412544305437     
 -0.17159056677176665     
   9.9323208733600482E-002
  0.17658503326288333     
 -0.24407406451306984     
  0.19389922353993747     
  0.22559911005149549     
 -0.21449288354625126     
  0.14225583564577488     
  0.38640788224005995     
 -0.22867250940932141     
  0.42495294484525636     
 -0.33115302156613785     
  0.49063296389187799     
  0.41956291904214821     
 -0.21115953609843968     
   8.4653048979173653E-002
  0.20483622041591509     
 -0.41078051022675410     
 -0.14572063098999810     
  -6.8920385901476361E-003
   2.3541633307826444E-002
  0.46996265165421064     
 -0.19498890805243105     
   4.6138837490014130E-003
  -4.3720555142813096E-002
 -0.32031423029455891     
 -0.30329960218561647     
  0.43128010923020482     
  -9.1070455535899680E-002
  0.57799471378413669     
  -5.3167267717037357E-002
 -0.11414464817527192     
 -0.41369904151774972     
 -0.34167058005891054     
  0.49131386250342263     
  0.10968267774969299     
 -0.47899878844097649     
  -8.7456126346298292E-004
 -0.44368087128703160     
 -0.46509140332360605     
 -0.18494619514238406     
 -0.15667415387806791     
 -0.47816610271373833     
  0.38257667794583611     
   2.0804159394337628E-002
  0.35825258136228955     
  0.23098938485406204     
 -0.39057488795784040     
  0.17550364983576255     
  0.38236117190418734     
  0.48371776042161296     
   5.6106457867440181E-002
 -0.22990637231865380     
  -6.6122303798343426E-002
   6.9834560231424148E-002
 -0.34533794078082714     
  0.18202054944108806     
  0.11526844981958612     
 -0.60339554507328341     
  0.32132329028583917     
  0.40754293093480504     
  0.38113405008419393     
  0.34856761390312185     
 -0.31527719315126190     
 -0.38774207798008026     
 -0.17311721219093021     
 -0.42522005045901784     
 -0.22619662044205877     
  -4.1932102016266556E-003
 -0.31213902503062180     
 -0.23022332270940510     
  0.12747428361304136     
 -0.11918157717257370     
 -0.41823021894625334     
  0.15920854573961363     
 -0.14492232529434779     
  -2.3472966030618769E-002
  0.11263719780758108     
 -0.21691154582112593     
 -0.14290956214557204     
  0.19241832155907490     
  0.39805706087696102     
 -0.13567903920574198     
   2.6247692976104086E-002
 -0.25929583771641923     
  0.23168532696526589     
 -0.13424379931857378     
  0.29261348648342722     
  0.42480150682781348     
 -0.35355865000913217     
   4.1628626835710607E-003
  -5.1416583994445188E-002
  0.27262381387500384     
 -0.48808314452231172     
  0.25612262880070452     
 -0.24939057026483899     
  -6.9649376390707174E-002
  0.26054958725752164     
 -0.42482049820599205     
 -0.26996082135298571     
  0.41655994470738694     
  0.20020924447233771     
  -7.5525669191485609E-002
   8.1032696217407330E-002
  0.11386545933614400     
 -0.20529410693946668     
  0.19472918188320099     
 -0.33552482278013035     
 -0.33559600828731229     
 -0.23603560827773015     
 -0.15013273755368281     
 -0.25446668026232522     
  0.29952148823369396     
  0.40664235006892152     
  0.10699305825590716     
 -0.47326929378927812     
  -8.2115259183943051E-002
  0.41738578624276418     
  0.32038269187702351     
 -0.82536759882180888     
 -0.38509433010162114     
  0.33388087918242693     
  -3.7380180954570463E-002
  0.32910670970691464     
  0.71415137194332845     
 -0.51145741531211941     
  0.27866602202683993     
  -9.5109460776490684E-002
  0.35650941669109504     
   2.2136579046081840E-002
 -0.33846035309453898     
 -0.38351492972120899     
 -0.33750264371000183     
   5.1870257893502879E-002
  0.52240596035659770     
  0.27799952172932230     
 -0.49467373725280578     
  0.51495289019576962     
   6.6481831105261721E-002
 -0.54399411922745855     
 -0.14177277461642265     
 -0.43908807867929345     
  0.35082788317620950     
  0.58173811166181566     
 -0.19831583138187717     
 -0.19726637876253439     
  0.40962672333478967     
 -0.11893530704891027     
 -0.43947507256941165     
  0.13421151575707682     
 -0.29225314972133337     
 -0.44672690490461936     
  0.46315256547814471     
   1.0464096220864021E-002
  -7.7877534864035564E-002
  0.36180376505232847     
 -0.34926872954375515     
 -0.46751916212187855     
 -0.45966228546553201     
  0.42850252309380910     
 -0.30283444153117534     
  0.12715187241836445     
  0.22548810549433651     
  -1.6073553508118343E-002
  0.12632661359556130     
 -0.42500588491155067     
 -0.45158784235600946     
 -0.12246965924688516     
   3.1542891462329886E-002
  0.30540441667025980     
 -0.19202398413619523     
 -0.29371983820165859     
  -4.3238892227486198E-002
 -0.14560447201924362     
  0.38868290941147032     
  0.35830840573455264     
  0.46872839191802146     
 -0.20303704594750391     
 -0.25546146389195012     
  -5.1108662071365128E-002
 -0.30220570413770803     
 -0.11727275317234817     
  0.34756990993692949     
   7.4535879018774329E-002
 -0.45543531080825944     
 -0.42911784997169683     
 -0.39734782831781634     
  0.45359849038040145     
  -8.8270606335555626E-002
 -0.11232686488832432     
 -0.53644473680484861     
   7.0352355628520810E-002
 -0.35257747830202590     
  0.21526264776006876     
  0.48821184331834533     
  0.29519961914695481     
  0.31025266031020088     
  0.23086369875528776     
   6.9909705962013027E-002
 -0.15767501711362958     
   2.4936342206892861E-002
 -0.26700280590729036     
  0.16041663886664095     
 -0.11466301674428790     
  -8.8832770265612274E-002
  0.69989999814970882     
  0.19562567409643888     
  0.28970176739626990     
  0.18882636562079741     
  0.28205390801529462     
   4.0318490689819457E-002
 -0.15872822074824980     
 -0.40276991694678455     
  0.46239351984405558     
 -0.28092837421320932     
 -0.14251715571694110     
   3.3655285494335302E-002
 -0.22013598083998004     
 -0.25970797675362561     
 -0.14734028623777209     
  0.36525186835029594     
 -0.28412132397709294     
  0.27757598309666587     
 -0.40167234870660495     
 -0.22807875898764474     
  -6.4455737671253940E-002
 -0.51672051757500137     
  0.37535260246853613     
  -3.7766375309185085E-002
 -0.25104031655218384     
  0.20084498803576512     
  0.34112161324547063     
  -1.7674494372988795E-002
  -2.5761987154906928E-002
  0.27410657961174884     
 -0.42387457484082486     
  -9.1829343446408571E-002
 -0.17273269058291721     
  0.20975272771862002     
  0.26643229730698698     
  -1.5620223713983257E-002
   1.5095860875175887E-002
  0.49713321731109561     
  0.27873552953209224     
 -0.42752485544805419     
  0.32617238210118882     
   7.3107236716931645E-003
 -0.39442854601065869     
 -0.17760990982637570     
   7.7691573415527349E-002
  0.11693744826023789     
  -8.5686774127771939E-002
 -0.13416484300632275     
 -0.42042650012761984     
  0.14777283731606827     
 -0.23113085178004800     
  -7.3624253750510849E-002
  0.42768399737877189     
 -0.24258595893750995     
 -0.22278501107997686     
 -0.47074597704802157     
 -0.11208476574930409     
 -0.44878360746952928     
  0.46786283599677869     
  0.10099247406843485     
  0.13560935776119148     
  0.16322719511940154     
   1.4949664448583143E-002
  0.36788195496621484     
 -0.16108903456787926     
  0.48230417016009713     
  0.34931540721859927     
  -2.5720569421490078E-002
   9.6246455702749034E-002
  0.16793488833056730     
   6.6126484986718066E-003
 -0.47246288850129753     
  0.23024337858422772     
 -0.38168409404773246     
  0.28880765406469527     
 -0.11900892177257077     
  -2.2436207979952719E-002
   1.9794446456891615E-002
 -0.36064851428780870     
  0.37628495818912616     
 -0.32100074701760639     
  0.40711897251018764     
 -0.21941806734137415     
 -0.41704424967052528     
  0.48403045663635552     
  -1.7065282156178431E-003
 -0.32846539090285404     
 -0.29244066235541311     
 -0.33042570627881124     
  0.20046282016045616     
  0.22137287472176895     
 -0.47348506911516663     
  0.36647215168419434     
  -4.8561287094897564E-003
 -0.28857335878565843     
  0.51951739098749172     
   3.0765370933482965E-002
   8.2986198828280497E-002
  0.45710355134586000     
 -0.26149878167296881     
  0.24157095531780878     
   4.9669677584238854E-002
 -0.42762780166565190     
  0.41554502764802798     
 -0.15028573739110315     
 -0.56985175224335660     
 -0.16482826224435973     
 -0.44406579043637773     
  0.21911415269071713     
  0.52751973160637688     
 -0.21907776124277828     
  0.22478472700738888     
 -0.32364318355631766     
  0.29660512965577202     
  -3.3751053596016545E-002
  0.44196134467772918     
 -0.11668900018780506     
 -0.21953071993766299     
  0.28721172342945483     
  0.33355506036169513     
  0.11459123005074755     
  0.10214296321255778     
 -0.16699278362656500     
 -0.15692729675562711     
 -0.36180966785461932     
  0.39542441928485816     
 -0.25878063436904819     
  0.49216901495960097     
  0.32208177777396185     
 -0.23821204702335763     
  0.24193470752351565     
  0.41471177656140412     
  0.49742716117793617     
  0.42467547748972562     
  0.12496926242612555     
  0.27716267004399386     
 -0.34063796764309595     
 -0.44455128774247343     
   4.4125485590270498E-002
  0.11962267034620053     
  0.48529983434775914     
 -0.34033272705467454     
 -0.26642322075976621     
  -2.8280625736372116E-003
 -0.26171033872927113     
  0.56344408677747471     
  0.53027960990751921     
  0.27109051531440187     
  0.37409447565413428     
  0.51577442120368233     
  0.12769976557884427     
  0.35463983091160795     
 -0.36862487072001987     
 -0.29608735530818286     
 -0.15402361177974275     
 -0.15477184355204618     
  0.10820410613608950     
  0.52237821939548312     
 -0.14120701060919461     
   4.4899027751549192E-002
 -0.25916266452500675     
  0.26323854640342698     
 -0.12442137619253359     
  -9.2551160768708021E-002
 -0.50306320107224023     
   3.5604612136880709E-002
 -0.35501052042912473     
 -0.29506324280647889     
 -0.28649980868851888     
 -0.51390208058023990     
 -0.28131623149556539     
 -0.20301172713628438     
  0.15785962184152630     
  0.44834929125997636     
  0.43879511991945974     
 -0.66658884082155456     
  0.48079754263165070     
  0.37268565672290621     
 -0.41580907431111186     
   7.8952080617118933E-002
 -0.27474459379049415     
 -0.38958345865116495     
  -5.2291709723308953E-002
 -0.17283963216755949     
   2.1697028911870385E-002
  0.27846846072247966     
  0.16822668983671199     
 -0.21508448405110592     
   1.4380150116299197E-002
  0.25119013793813399     
  0.53241038164906396     
  0.34935059126884910     
 -0.23665928056726115     
  0.16603180639380566     
  -2.5095088326493018E-002
 -0.10639912040073449     
  0.49369824260881473     
  -5.6711716445198880E-003
 -0.49130827804039073     
  0.37369875464915786     
 -0.35285013247189079     
 -0.24962284867209564     
   8.5670769240341130E-003
  0.35944452611417560     
  0.18681390759439592     
  0.24720187344680977     
  0.13085486819509939     
  0.39021859132861303     
 -0.10583853023897327     
   3.4704449958486316E-002
  0.43849281172949417     
  0.41263424766685552     
  0.11319331124820819     
   1.2289761612741534E-003
 -0.13848409319363930     
 -0.31401611120496942     
  0.22534561398987141     
  0.44997922486749869     
  0.34680025237082318     
 -0.10619481122938167     
   9.1906471117982710E-002
 -0.26529305992020635     
 -0.46209030018132652     
  -7.7443815538967245E-002
  0.23944388284051271     
  0.44367316143338181     
  0.60081162334702964     
  0.19669817061540057     
 -0.17207161588610514     
   2.7606527482612841E-002
  0.20172704812232672     
 -0.66789289004861130     
  0.15293273742236480     
 -0.35186877609646916     
 -0.18488159595363302     
  0.18408014757358407     
 -0.10557577300982983     
 -0.34962233238946044     
  0.56285028354653222     
  -3.1262092472563979E-002
  -7.8893599157048126E-003
 -0.12679673537484676     
  0.28053773094208156     
  -2.4413229874888549E-002
 -0.25978150924928523     
  0.30082960049032426     
  0.23934476801673391     
  0.18477642268262023     
  0.17881697657907153     
  0.34952985582618046     
   7.1817919206586908E-002
  -7.3026549350224249E-002
 -0.11004287092503935     
  -8.1484269086219446E-002
  0.30691814177720944     
   4.9838202203456347E-002
  0.16785695053206309     
 -0.21229750295233832     
  0.19159238596216790     
  -7.4387271215551415E-002
 -0.39971459359558564     
  -9.1411868791130349E-002
  -4.3027610808808986E-002
  0.13341309350377945     
  0.51624109802647911     
  0.12196141534426794     
  -7.4573876029852632E-002
 -0.37154849188843447     
 -0.17118731916535246     
 -0.18820057847368507     
  0.50005137074535733     
 -0.21995690428374740     
 -0.39502862980783893     
 -0.43124700605486210     
 -0.47410511977096065     
 -0.45343189648276089     
 -0.18957848199544269     
  0.22334309021034812     
 -0.43560801898461377     
 -0.12592064953428578     
  0.46222920267653933     
 -0.29959344534661791     
 -0.14015699261381778     
  0.22613281526325496     
  0.24154358051978250     
 -0.30579332478251681     
 -0.15920653253655107     
  0.17351290377058068     
 -0.44891078878062285     
  0.43181981785071732     
  0.46005689640466318     
  0.41162557946711886     
  0.40580160195259529     
  0.43674192480481322     
 -0.39330728514876079     
 -0.23503130849339582     
 -0.44807590264494501     
  0.37278615207119203     
  0.16718062315079624     
 -0.19260060104535079     
  0.23639671521241112     
  0.20732785297365777     
 -0.13116277028396550     
 -0.42059981567828542     
  -8.6562303309549893E-002
  -3.7184598606010554E-002
  0.36537118381068129     
  -7.9834721986870902E-002
  0.20109621804377778     
   9.7761836366673197E-002
   9.2385613342887501E-002
   2.0333044874042049E-002
 -0.62763900738908862     
  0.18740094519650535     
 -0.43755256767312167     
  -7.6372058601463511E-002
  0.24711643433478669     
   9.0925070301079589E-002
  -6.4493147270930196E-002
  0.56331561048441448     
   8.2094533256700422E-002
 -0.54386319473562372     
 -0.13834951746812327     
  0.51920476996129616     
  0.15550440600276122     
  0.69926995207091158     
  -4.0400631570650866E-002
 -0.44649614339251881     
 -0.12875103393340476     
  0.32213116860905960     
 -0.10005459835829264     
  0.25653608771517711     
 -0.43752424926112637     
 -0.41045965289524389     
  0.26718907562317690     
 -0.50644824784078957     
  -9.0367711788645874E-002
  0.30691758926628909     
 -0.15592121819375801     
   9.9939748759738267E-002
   1.0102610362779422E-003
   4.0709957388220530E-002
  0.12988894770316897     
  0.11059214693598766     
  0.32863088204046809     
 -0.11253765547322124     
  -5.7193760090716479E-002
  0.46309122724750401     
  0.15254889506400987     
  0.13763945245781883     
  0.18477365175124005     
 -0.47739965112030169     
 -0.30986488960007391     
  -4.0885379705095709E-003
 -0.43570503798557308     
  0.28112861691143454     
 -0.20022496653417210     
 -0.18236801144774634     
  0.14577403862849006     
 -0.14718916928332942     
  0.36000424695765110     
  -4.4092744418537409E-002
  0.34280467442460105     
 -0.17240537729691302     
  0.37707833289024645     
  0.41682743144082884     
  0.21406401695702743     
 -0.28858588896079140     
  0.27945061695840556     
 -0.43374354664943937     
   1.3692479218223275E-002
   9.4815575281762807E-002
   4.5408672379871617E-003
 -0.24279483526232037     
   8.1552396026239093E-002
 -0.41388770254611584     
  0.14638833359000769     
  0.23007582008918481     
 -0.21387611237759518     
   9.0318853651001896E-002
 -0.33909449849054352     
 -0.24360652401541261     
  0.26647495662990922     
 -0.28924883087039199     
 -0.33224089922966560     
  0.24524169646114494     
 -0.29677947761205820     
  0.39111726585154827     
 -0.32507155755700629     
 -0.25461706209300883     
   7.6933851502157900E-003
  0.28090666332388770     
  0.27016135567896077     
   4.9359194254951526E-003
  0.40828551112941247     
  0.44582814132257303     
  0.28572909341509622     
 -0.21548544409801682     
  0.35948400881635756     
 -0.23568361605475738     
  0.73273395582202294     
   4.5375554822084468E-002
  0.19007724714415872     
  0.57441827193147488     
  -9.8552444831380454E-002
  0.21603411741904874     
  0.43299402498981576     
  0.19608407085238433     
   8.7440736623716625E-002
  -9.1094046708486295E-002
  0.16594978537405330     
 -0.36224845958200447     
  0.71529918181773577     
 -0.25474084446869594     
 -0.45570389795186644     
 -0.30663395903165408     
 -0.16219603527142581     
 -0.39639309850022653     
 -0.34651445457272956     
   1.0191935072564967E-002
 -0.33226881776498579     
   6.7945680354571963E-002
   1.6367700667143371E-002
 -0.43667501823338734     
  0.25776213106007118     
 -0.11702265575053293     
  0.40228264205255770     
   7.8701037939153576E-002
  0.44946473011584870     
  0.17137234743605462     
  0.37058400275269826     
 -0.42898323452723353     
  0.25218152908985053     
  0.17895943636265652     
 -0.22893875760939175     
   9.8510195632272174E-002
  0.34045982671229358     
  -1.8520171179837931E-002
 -0.41268126707473740     
  0.20102575359305885     
  0.45967503814820387     
  0.33273278826623043     
 -0.10875825420624573     
  0.26505518183479165     
 -0.37908824880412106     
  0.55472039591393230     
  0.13902809929956617     
   4.2578575950757723E-002
  -2.2145186918670859E-002
 -0.44880858179314043     
 -0.35355471637973196     
  0.18661331933053321     
  0.19142673399755605     
   6.0808135198486532E-002
  0.19021604420345728     
  0.49977159474452415     
  0.48074186473001324     
  0.15054511141962446     
 -0.21366980986180839     
 -0.26830401159009953     
 -0.12064220880600385     
  0.22863657576943319     
  0.33465441317322808     
 -0.16991650996721130     
   2.4216801541374733E-002
   3.7257537107332928E-002
 -0.30933246286517502     
  0.36956019973073589     
  0.10746578461677443     
 -0.22013385052158033     
 -0.34274035840311479     
  0.30766822925657245     
  0.35063531408774617     
  0.34142775459559416     
  0.18104458186275979     
  0.16204465106041027     
 -0.37547195587134702     
 -0.37567100886693977     
  0.30960545652193106     
   8.7736688257239751E-002
   5.8114987450685274E-002
  0.28465476622782954     
  0.13103274111671007     
 -0.29330007549330639     
  0.28673606404701052     
 -0.42694047842303295     
 -0.48395290194775997     
  0.67741297521169852     
 -0.27351607946293299     
 -0.30477493177600357     
  0.91823893710350302     
  0.41528693473994088     
  0.16157756778959936     
  0.31259728545388582     
   7.3732858302610310E-002
   5.4722585499288002E-003
  0.23245200059958265     
  0.27478856872663843     
 -0.21821403619444105     
  0.30001403485231631     
  0.26894800768110322     
   2.4027443880728427E-002
  0.39350960426698012     
  0.38829252364501571     
 -0.10768886749075202     
  0.12825880476276849     
 -0.37013261143081500     
 -0.16734908588074118     
  0.17627743104707608     
  0.30977593996707542     
   5.9036517578726577E-002
  0.20021509654598790     
   1.7768686670516134E-002
  -7.0237179784414655E-002
 -0.11883401744462209     
   4.0889022515973796E-002
 -0.23894131686939066     
 -0.37214040379369279     
  0.24026686107538736     
  -9.5398937237402542E-004
 -0.22178300923733757     
   7.3450519444815621E-002
 -0.51214744378238575     
 -0.47009701907755874     
 -0.19373596734038009     
 -0.51671517883499973     
  -7.9263384937467402E-002
   7.1043765610159668E-002
 -0.40815985019713719     
  0.12216168794785157     
   8.7276913440052385E-003
  0.12984433172365922     
  0.30114224037081611     
 -0.24575564138267195     
  0.26997017778359461     
 -0.46332174983916419     
  0.35696128257135806     
   2.9696064646901641E-002
  0.17774233545863027     
  -7.9000797747840745E-002
  0.44627827185566216     
   3.0648872530575466E-002
  0.12109366295697088     
  0.14571342058778436     
   3.9550677592643857E-002
  0.45081668240969452     
  0.45230866937176939     
  0.37716059471703411     
 -0.25603072617635614     
  0.22632972934798889     
 -0.44033674981423848     
  0.36105777420684915     
 -0.32340415117025939     
  0.35878533351396968     
 -0.35350103082036677     
  0.34749945478931360     
 -0.12405103066296448     
 -0.30192098083649760     
  -9.0616442488199986E-002
  0.12335913718669564     
  0.35508285701127923     
  -6.6804753590600369E-002
   9.8083116295953898E-002
 -0.23628448726246906     
 -0.17254178393219247     
 -0.41808735845906991     
 -0.45755041091097287     
 -0.35861321064758855     
  0.25936159756673993     
   4.4837833925062631E-002
 -0.35887871954514011     
  0.18837392978255121     
  0.46132028502494193     
 -0.44307099075510603     
  0.83855086175479188     
 -0.40276945859678426     
  -3.7192554916691919E-002
  0.67051550493715883     
 -0.17916124971999625     
 -0.27953336819356783     
  0.40313034313130214     
  -4.6471053413714346E-002
  -8.0127333728658712E-002
  -7.8225462678570903E-002
  0.38482084740500572     
  0.18767763811447707     
   7.4328090958196730E-002
   1.7595469118148264E-002
 -0.30835037591457887     
   8.4480178357334304E-002
 -0.35835935038400019     
 -0.44433036096011197     
 -0.14372317859523573     
  0.40677699800091505     
 -0.37862657556332507     
  0.22422440184855841     
   9.6312127266566683E-002
 -0.21432771662175429     
  0.58934582349506592     
  -9.4220492148317361E-002
  0.20998117322894888     
  0.24890933618849842     
  0.40755585783405907     
  0.15386236806092521     
 -0.31760171703672790     
 -0.44718177153432992     
  0.28372101914940689     
  0.37803136986978131     
 -0.34204447810746180     
 -0.22623738761927481     
  0.10733674358114977     
 -0.26000153883912080     
 -0.41088136741716019     
 -0.20443896235710113     
 -0.27005293974414402     
  0.10438846108782783     
 -0.25888829941500852     
   9.8355184178431129E-002
 -0.45305962681758721     
 -0.34849399580830059     
   2.7800413902134058E-002
  0.29713517193231703     
  -4.2913015775880470E-002
  0.40673681550731067     
  -8.6298996799906158E-003
   6.5405799888475169E-002
  0.16781920517356419     
 -0.32384098952788531     
   6.5295473126814052E-003
 -0.14696665173347523     
  0.45110964409976662     
 -0.35232353385942883     
 -0.27100461186544977     
  0.44596743492071911     
   8.9114876442426758E-003
  0.47601618579304206     
  0.34026727207906937     
  0.25973322822048822     
  0.14288583252163442     
 -0.13932783065113358     
 -0.48722914453926280     
 -0.41135172483267385     
 -0.45719501023642006     
 -0.37413735185131536     
 -0.35013555376330580     
 -0.14400768590865567     
   7.0549801949416457E-002
  -4.9355310631820304E-002
 -0.14818464540576332     
   6.6452241204879817E-002
  0.22880238950417769     
 -0.21816026734150976     
  -6.5733456925797198E-002
  0.11555540813623473     
 -0.45272722450707820     
   9.2460586873395006E-002
 -0.44263209717842672     
 -0.16593310281422491     
  0.29648882850367769     
 -0.24547568212576068     
 -0.29809171896955594     
  -1.6922892356668415E-002
   5.6456059729265401E-002
  0.18714712527215460     
 -0.38116024701188839     
   5.6780227911374700E-002
  0.12861253747437792     
   9.9079078381928531E-002
  0.13832925068146545     
  0.48831968536247777     
  0.46536081107001404     
  0.31775481468208372     
 -0.39127441326037921     
 -0.29530470497486183     
  0.20187142927955531     
 -0.43083124312944476     
 -0.14347101516280480     
 -0.23702414025968196     
  0.23924934780389520     
  0.21933298106741850     
  -6.7986692429208004E-002
  0.24257680990531924     
  0.19491379332327735     
 -0.41745500739250740     
  0.16875252522278719     
  0.48733364975707189     
  0.33386121413791436     
  -4.3496162084283606E-002
  0.18080933600508184     
  0.36875549287225717     
 -0.49938118324181724     
  -9.7777958216967470E-002
   2.1191042268204330E-002
 -0.32035493927066072     
 -0.28145640527634336     
 -0.25149638949989350     
 -0.18147459926178752     
  0.56669688064981827     
  0.49300059608921870     
 -0.47498682093199679     
  0.36938655373777096     
  0.25813970057696400     
   2.8574152741429416E-002
  0.23653891669700219     
 -0.31046061235315847     
 -0.35881297798361256     
  0.10898207070441375     
  0.32960052851935528     
 -0.13425979376050082     
  0.18263328652109145     
  0.26796182089728882     
  0.42233777499263503     
  0.28505969214912297     
  0.20436078103889788     
  0.15766067683884810     
 -0.23522334413593782     
 -0.16120351181403370     
   6.4029179652793533E-002
 -0.22870175103199081     
 -0.24851368013352715     
 -0.15072211487450643     
  0.12850760284587676     
  0.42302839139373249     
 -0.21149875173206600     
  0.37295959923152860     
 -0.33746489177762024     
  0.41211361620644860     
  0.12896129343065771     
  0.11405558966216964     
  0.27806603690254522     
  0.22509675162303269     
 -0.42802196461799979     
 -0.36066928666955711     
 -0.23864290530478902     
 -0.26095033220928071     
  0.34192840630135268     
 -0.14924657392083479     
  0.40058989414863938     
 -0.13980885586405017     
 -0.46295983901305526     
 -0.49506926554099856     
  0.28796665209247324     
 -0.45441050331942362     
 -0.33376610399771672     
  0.50048871495967695     
 -0.14443708463783178     
  0.42413496818423546     
 -0.12861784398126069     
  0.15084568293197145     
  0.42744786506314536     
  0.22492819085377133     
  0.48608836517119602     
 -0.19134823735993645     
  0.10359816899121366     
  -8.9363799837308217E-002
 -0.19185555539119048     
 -0.36359124655644776     
 -0.21079115008855157     
  0.47914112519470098     
  0.17613625695472684     
 -0.14961448478447434     
  0.27502212660252318     
 -0.21989876800309663     
  0.18530811918087967     
  0.18925541940512330     
 -0.20914813265821111     
 -0.21068687743272652     
  0.41550921467724666     
   4.4589600455090632E-002
   3.1287020729763568E-002
  0.26236210046197905     
  0.34359275394570959     
   4.3596594698908066E-002
   8.9328902946602978E-002
 -0.49237041722037311     
  -8.4427169449284564E-002
  0.36478141195320368     
   8.1266389442229081E-002
 -0.21620089318817273     
 -0.43612853307386767     
 -0.38523450535502868     
  0.20134398797663361     
 -0.24262653667868397     
 -0.22364316997393788     
  0.17839151619496746     
 -0.32956630586787389     
 -0.13820968348240051     
  0.39275859132683988     
 -0.29456963821562548     
  0.42357378198689355     
  -9.8336042965653250E-002
  0.17106798047841426     
 -0.46655652332369385     
  0.44394319954700734     
  0.40398400896509534     
 -0.49551431927734857     
 -0.42276114816119192     
 -0.48628285399530813     
  0.46293265089102575     
 -0.33646936191940002     
   9.6107906925480435E-002
 -0.24092942230285952     
 -0.18228341085131056     
  -6.3407054802070040E-002
  0.48414178553211284     
  -9.3167218504608143E-002
  0.28321299091410645     
  0.10665093299240294     
 -0.28042648532663211     
  0.47602625375356428     
 -0.12012897008324830     
 -0.14528408090651293     
 -0.35721362105090998     
 -0.13164552783739855     
 -0.40972766760378582     
 -0.19935047881064080     
 -0.39676607528821417     
  0.54942298728572825     
 -0.11114603773097834     
  0.25236614303844884     
  0.38812711325205673     
  0.16084373638541627     
 -0.16126796749248284     
 -0.51066290047547913     
  0.27439269186062670     
 -0.30120481841278285     
  0.37884520472620836     
  -5.6746764006613534E-002
 -0.38637006112025907     
 -0.29994563401773527     
 -0.38537026884188802     
 -0.15847646573616941     
  0.18753572886241621     
  0.43069312384086716     
 -0.39166475718485683     
 -0.12981991787523664     
 -0.39816990030090710     
  0.30624086364026759     
 -0.10100072623705665     
  -6.8082253531108458E-002
  0.24022020167900532     
  0.18225882272469221     
  -1.7957633659716060E-003
  0.32830786022617692     
 -0.24136860854460099     
 -0.46593775438712742     
  0.36192910469866019     
  0.10315769774421089     
 -0.18399042500232865     
   3.3815760971697389E-002
 -0.24313852366500779     
  0.45552738653595243     
 -0.20387644609696642     
  -9.6345518264457669E-002
  0.27637163291165540     
 -0.32154690599500380     
   1.3094702778708759E-002
 -0.34678138336294800     
  0.33542881889338183     
 -0.16205545683763589     
  0.11718014783115231     
  -6.5372572807153390E-002
 -0.43440180059937994     
 -0.24197951805559004     
  -5.0698496278502168E-002
  0.10086483969503786     
  0.40144670939267735     
  -6.7623856988841657E-002
 -0.44369582829271009     
  0.32129733441987784     
 -0.31092068338953965     
  -4.7862012892216400E-002
   7.9283058193292733E-002
 -0.35982069449481646     
 -0.19963415935030235     
 -0.43548598688358575     
   1.9898363220743988E-002
 -0.27981850415741616     
 -0.17950068137178221     
  -1.2448284956014799E-003
  0.40307498324544810     
  0.34354986774292517     
   8.1728293406568842E-003
  -7.5046111267079940E-002
  0.48813627219537781     
 -0.39755418986116686     
  0.34956543110467347     
   7.4090967883950462E-002
  0.12565317622757333     
 -0.28964420658577467     
  0.44295962561111052     
  0.43386332225767438     
  0.15974037318057707     
 -0.26643648545286125     
 -0.30273118124012749     
 -0.28960106589325324     
 -0.40701926314731784     
  0.34104535604877262     
 -0.42854092236984354     
  0.35983087002101766     
  0.16429634246944591     
 -0.18432643091754283     
 -0.33077312258921721     
 -0.34119210507266695     
 -0.57374819658241982     
  0.21868394923346968     
  0.56197244136962221     
 -0.21453474683402621     
 -0.20539098801797495     
 -0.27301106419267940     
 -0.15966620865315889     
  0.41759262905713179     
 -0.28959498722990273     
  0.45281695319683701     
   7.9633366352418647E-002
  0.41198419710463463     
 -0.23954843386100810     
  0.10768924163664763     
  0.51620468367646299     
  0.47906227977203036     
   9.8182865348217851E-002
 -0.14263191246512802     
   5.3349936325795431E-003
  0.40977414006399915     
  0.16641930781817990     
 -0.22602218749165071     
  -2.5453481795698233E-002
  0.22650753189221184     
 -0.17975340427501599     
  -6.5220230517993791E-002
 -0.20468250191430079     
 -0.48907487047391857     
  0.45973397727823234     
 -0.38546771074399605     
 -0.16924338411006609     
  0.13512138760996703     
 -0.16530620457996412     
 -0.15006964626901986     
  0.27278163103631553     
  0.33720752089409717     
   5.3750628359603064E-002
  -6.1425933500999690E-003
 -0.15047181407279861     
 -0.43683030553054164     
 -0.39064420405427674     
 -0.35111718638597733     
  0.38504038221993808     
  0.26363982676163228     
  -8.2807629970207922E-002
 -0.39820144833241639     
  0.23973275044481099     
 -0.26479298842630367     
 -0.12450161150236937     
  -2.2337271581362901E-002
 -0.47787829417931299     
 -0.42802535704229672     
  -4.5090725264827602E-002
  0.41181954137281995     
  0.24795941401303434     
   8.3508089211525860E-003
  0.18360684583857201     
  -4.9539051465130601E-002
  0.49052838678594990     
 -0.36576998873718947     
  0.36149992274872922     
 -0.32633356171708683     
  0.15521304058351348     
 -0.22573949581576502     
 -0.19547259280968943     
  0.47047302432099891     
  0.49222579843291969     
  0.17344301604474821     
 -0.41856135849164089     
 -0.36185483278058084     
  0.16676552014800688     
  0.31842593234374045     
 -0.18460309900467406     
 -0.32385719937034901     
 -0.11374560029895614     
  -6.7188636262311932E-002
 -0.25898755444775901     
  0.27289990658435159     
 -0.50450299205895877     
 -0.44817804793442167     
  0.24020801318728516     
 -0.38987095732987148     
 -0.27540796358149922     
  0.12463038001167830     
 -0.48650329030751904     
  -8.0014455219439354E-002
  0.37225568449722879     
   5.2208052810427306E-002
 -0.10400661307136233     
 -0.18350316445160406     
  -9.2337925088390102E-002
  0.39508123531315786     
  0.49343669069362650     
   7.8822517526454278E-002
 -0.27444987662860715     
 -0.17890375344287993     
 -0.28360522763372925     
  0.31161144361975929     
 -0.15983165228871515     
  0.33972896476703884     
  0.16712197112882510     
  0.22711119088389112     
  0.41774274990791183     
 -0.28647075750235540     
  0.12553433507250922     
 -0.11348466768709230     
  0.40813386705284949     
   8.2677219528133492E-002
  0.18045781155988774     
   3.5779020736327674E-002
   5.5340148398161815E-002
   7.4044696930255338E-002
  0.46850443785794876     
  0.24237554338194645     
  0.40848308034761033     
   1.2330968664778365E-002
   3.3785612404896040E-002
 -0.41282782208375679     
  0.12966296663437524     
  0.43468420316095779     
   4.9997305898367701E-004
  0.21213138508477083     
   3.6879090872583203E-002
  0.46272466823391839     
  0.13136030182450739     
  0.48238842825085659     
  0.48016621617012606     
  -5.7400149103938841E-002
  -6.8770662217475576E-002
 -0.24784256788417880     
  -6.1393965562412091E-002
 -0.32724365210745970     
  -4.5535758596158132E-003
  0.26783441686197640     
 -0.17397145525019705     
 -0.18960350431644846     
 -0.18387596699537323     
  0.29244364077884488     
  0.12663360980503124     
  -4.9537517778581730E-003
  0.20788367328288393     
   1.5215003798561000E-003
  0.11156393747320836     
  -2.7881321991921393E-002
 -0.18076191396923602     
  0.21454906615590430     
 -0.33601398328330312     
  0.49785304518122331     
 -0.14185110116008437     
  0.36308882841245804     
 -0.44870334345190521     
   8.0552183403093114E-002
  0.19560189387555538     
  0.10815409268573112     
  0.39107792442744677     
 -0.42623753723952118     
 -0.18351754451945335     
 -0.31080364077028194     
  0.16373466721572330     
  0.29386133194423619     
  0.14209415523762012     
  0.28982774496278163     
 -0.50697157036722529     
 -0.42152692705754174     
  0.28711917058671199     
 -0.26010882431405608     
  0.16649431104620502     
 -0.29790597581962358     
   9.4233228937557020E-002
 -0.11720278258383356     
  -5.8406276804679504E-002
 -0.65348769227879899     
  0.47129509959431426     
   4.2953026149295914E-002
 -0.69892808201728762     
  -5.1222077110052111E-002
  0.46424118883113413     
   6.8941735168931970E-002
 -0.38936077849698675     
  0.12288757169726819     
  0.15069864530655641     
  -5.2236417876592299E-002
 -0.15322522220884019     
 -0.60254521870160149     
  -1.3520808448318263E-002
  0.54253080766285477     
 -0.58875668745624099     
  0.23771930329578106     
  0.56085971110923938     
 -0.12585628661580137     
  0.36664320314892029     
  0.26468018131099619     
 -0.19219392611879774     
  -7.5049407872788132E-002
  0.53095223542045744     
 -0.46014337307782860     
  0.39650466770297194     
  0.47101329301399891     
  0.10781455827468317     
 -0.26752779819323985     
  0.38947088063076124     
  0.16731956205184048     
  0.40469858120880947     
  0.27784728986821422     
 -0.37249982363851697     
  0.43721298965151772     
  0.34412318002228559     
  0.43126535120237608     
  0.21780130073351775     
  0.26188550192742377     
  -8.9965944616263643E-002
  0.40964278956627381     
  0.36209115662380370     
  0.29500050400817135     
 -0.39402078725369860     
   1.8161564462639709E-002
  0.24199306536685941     
  0.45585721107392352     
 -0.45534146682898818     
  -1.5840777687949448E-002
  0.38678071666806957     
 -0.27235919480816251     
  0.17518586223139376     
   5.2045189295882976E-002
 -0.33440376807726369     
 -0.45936899681718457     
  0.44210416310782197     
  0.12152038312139624     
  -6.9275125601824805E-002
 -0.11197044520383093     
 -0.15702807730283241     
  0.30616353956304798     
  0.32581462413243534     
  -1.7173397000098678E-002
  0.16491887447767239     
   7.3047063743316376E-002
  0.48996883472252462     
 -0.19655121958468277     
  0.29861335297743347     
 -0.11202028087360379     
  0.47572252889866523     
 -0.21777101642164182     
  0.11728735987018518     
  0.29301108159295625     
  0.22240810164592567     
 -0.28803161250635745     
 -0.48350295009397803     
 -0.19077660255060283     
 -0.28388899371801379     
 -0.36074394045426889     
  0.44089218083748394     
  0.14455784874790342     
 -0.11110924041325089     
 -0.11219315007493832     
 -0.20069226410710023     
 -0.24674159335174370     
 -0.30636249804136073     
  0.23436126665711110     
 -0.21199386931114353     
   6.6979631790885980E-002
  0.22043552287469534     
 -0.10379990372254221     
  0.41890877774780150     
  0.11213773380095297     
 -0.14130700412683150     
 -0.45850939672720703     
 -0.19663549279579026     
   8.4140774631566675E-002
  0.39790133914132947     
  0.38679893886755551     
 -0.48013291328339436     
   9.2876444749715792E-002
  0.37629888326962552     
  0.15916695279366180     
   4.9940365813727593E-002
 -0.21363655181600885     
  0.40711963045110827     
  0.16257659792769699     
  -1.3257588904124800E-002
  -3.2542638115579503E-002
   6.6475229502631655E-002
  0.25354969855193721     
 -0.19519961623966270     
 -0.42914952072300294     
 -0.10424747586078147     
 -0.22969982364118208     
 -0.45404562145283583     
 -0.23707710499797863     
  -4.1005868088205680E-002
 -0.41484539457843589     
  0.11047796777485089     
 -0.35647299405196037     
  -4.0753790161407920E-002
 -0.13745479226668836     
  0.26084115505909977     
  0.32144207964772831     
 -0.29899661805686373     
 -0.44494591759711299     
  0.37110321472100827     
   5.8387301477299647E-002
 -0.27638990803274743     
  0.39719614963444272     
 -0.27856772856421330     
  -4.4748724240723292E-002
 -0.33158107753130006     
  0.15352249028763010     
 -0.43090118208974015     
  0.32293776416075259     
  0.32870600260196658     
 -0.44954717404392730     
  0.15557782612384341     
 -0.21137055675126393     
  -5.6759257116693163E-002
 -0.25354303163341507     
  0.18119310831207303     
   2.5860561243926883E-002
  0.42482694481970851     
   9.8498485292396354E-002
   5.2513179411106226E-002
  0.41970930724445199     
  0.13902235686851816     
  0.26807723013258045     
   1.8054409832600649E-002
 -0.19477187955037722     
 -0.16322428515354992     
 -0.10320498203397577     
  0.29922408680872803     
  -6.5926672920300963E-003
  0.46076947874516888     
  0.17826565750983631     
   5.9775471486190099E-002
  0.23743432076170931     
   7.5451062457085216E-002
 -0.27920318772567948     
 -0.40475623985602110     
  0.31152922271731465     
  0.26278445383383248     
  0.20711180098325649     
 -0.17994954442730005     
  0.24529818567869013     
 -0.38814921571950695     
  0.10763623672421056     
 -0.10540031948971434     
 -0.49358999558883992     
 -0.49602017037989404     
  -9.3845984289809739E-002
  0.47327053063813618     
 -0.12796884803353545     
 -0.10561365623811486     
  0.16113355205869218     
  0.40453883423797465     
   9.3682951463587211E-002
 -0.40744593402205598     
 -0.31171287263897762     
  0.16918944358225230     
 -0.30046774784002306     
  0.17705385400220888     
  0.46441186179156230     
 -0.44573121089734469     
 -0.10883146646330059     
 -0.46817467182013134     
 -0.49787257324101680     
 -0.49268692058493890     
  0.29074402634723834     
 -0.11215105779050268     
   1.4142376727188188E-002
 -0.13921681049262080     
  0.43599812866374560     
  0.17761025903286207     
 -0.16028102805738659     
  0.14641530359596192     
  0.32087038236968934     
 -0.12801381259573963     
  0.40734823493595496     
   7.4862879261951232E-002
 -0.10967024466590403     
 -0.27321598908192357     
  0.46254130670090599     
  0.42531050161940620     
   3.1881403004357489E-002
  0.33675900125037983     
  0.29689485917034109     
   5.3917194667925772E-002
 -0.44356193491917340     
  -6.5591703257983913E-002
  -6.5557516792373760E-002
  0.37143261215416912     
  0.42047560870160050     
 -0.11658651580058310     
  -8.3143494006165941E-003
 -0.46074123222524432     
  0.46382913469265463     
 -0.34971163133256611     
  0.37805345914836685     
  0.43490237503532270     
 -0.36949073965898038     
 -0.25282004975688843     
 -0.29221826301535492     
  0.36808411820349840     
  -3.5328292016645055     
 -0.61900005132636138     
   2.1201664144943697     
   1.2294847759279695     
